1 7 60 -60 -11 -1 0 0 0 1 0 0 0 -1 208.dat
1 7 60 -58 -28 0 0 1 0.999903 0.0139552 0 -0.0139552 0.999903 0 209.dat
1 7 60 -58.1212 -36.6811 1 0 0 0 0.000518328 -1 0 1 0.000518328 209.dat
1 7 60 -58.1258 -45.5494 0 0 1 0.999935 -0.011388 0 0.011388 0.999935 0 209.dat
1 7 60 -58.0227 -54.5942 1 0 0 0 -0.0208937 -0.999782 0 0.999782 -0.0208937 209.dat
1 7 60 -57.8303 -63.8021 0 0 1 0.999643 -0.0267237 0 0.0267237 0.999643 0 209.dat
1 7 60 -57.5803 -73.155 1 0 0 0 -0.0269636 -0.999636 0 0.999636 -0.0269636 209.dat
1 7 60 -57.3248 -82.6265 0 0 1 0.999826 -0.0186647 0 0.0186647 0.999826 0 209.dat
1 7 60 -57.1466 -92.1751 1 0 0 0 0.00283175 -0.999996 0 0.999996 0.00283175 209.dat
1 7 60 -57.1736 -101.734 0 0 1 0.998989 0.0449529 0 -0.0449529 0.998989 0 209.dat
1 7 60 -57.5994 -111.196 1 0 0 0 0.119181 -0.992873 0 0.992873 0.119181 209.dat
1 7 60 -58.7034 -120.393 0 0 1 0.970605 0.240677 0 -0.240677 0.970605 0 209.dat
1 7 60 -60.8568 -129.078 1 0 0 0 0.418837 -0.908061 0 0.908061 0.418837 209.dat
1 7 60 -64.4782 -136.929 0 0 1 0.776683 0.629892 0 -0.629892 0.776683 0 209.dat
1 7 60 -69.9019 -143.617 1 0 0 0 0.808838 -0.588031 0 0.588031 0.808838 209.dat
1 7 60 -77.1976 -148.921 0 0 1 0.402351 0.915486 0 -0.915486 0.402351 0 209.dat
1 7 60 -86.0915 -152.83 1 0 2.73631e-006 0 0.965574 -0.260129 -2.83387e-006 0.260129 0.965574 209.dat
1 7 60 -96.0848 -155.522 0 0 1 0.162443 0.986718 0 -0.986718 0.162443 0 209.dat
1 7 60 -106.654 -157.262 1 0 -3.63666e-006 0 0.995296 -0.0968849 3.65385e-006 0.0968849 0.995296 209.dat
1 7 60 -117.379 -158.306 -6.87083e-006 0 1 0.0522606 0.998634 0 -0.998634 0.0522606 -6.88023e-006 209.dat
1 7 60 -127.974 -158.86 1 0 0 0 0.999778 -0.0210679 0 0.0210679 0.999778 209.dat
1 7 60 -138.263 -159.077 0.000279642 0 -1 0.00137987 0.999999 0 0.999999 -0.00137987 0.000279642 209.dat
1 7 60 -160 -157 1 0 0 0 0 1 0 -1 0 208.dat
0 
